[ 0.  0.  0.]
[-0.33333333  0.33333333  0.        ]
[ 0.33333333 -0.33333333  0.        ]
[-0.66666667 -0.33333333  0.        ]
[-0.33333333 -0.66666667  0.        ]
[ 0.33333333  0.66666667  0.        ]
[ 0.66666667  0.33333333  0.        ]
[-0.66666667  0.66666667  0.        ]
[ 0.66666667 -0.66666667  0.        ]
[-1.  0.  0.]
[ 0. -1.  0.]
[ 0.  1.  0.]
[ 1.  0.  0.]
[-1.33333333  0.33333333  0.        ]
[-0.33333333  1.33333333  0.        ]
[ 0.33333333 -1.33333333  0.        ]
[ 1.33333333 -0.33333333  0.        ]
[-1. -1.  0.]
[-1.  1.  0.]
[ 1. -1.  0.]
[ 1.  1.  0.]
[-1.33333333 -0.66666667  0.        ]
[-0.66666667 -1.33333333  0.        ]
[ 0.66666667  1.33333333  0.        ]
[ 1.33333333  0.66666667  0.        ]
[-1.66666667 -0.33333333  0.        ]
[-0.33333333 -1.66666667  0.        ]
[ 0.33333333  1.66666667  0.        ]
[ 1.66666667  0.33333333  0.        ]
[-1.66666667  0.66666667  0.        ]
[-0.66666667  1.66666667  0.        ]
[ 0.66666667 -1.66666667  0.        ]
[ 1.66666667 -0.66666667  0.        ]
[-1.33333333  1.33333333  0.        ]
[ 1.33333333 -1.33333333  0.        ]
[-2.  0.  0.]
[ 0. -2.  0.]
[ 0.  2.  0.]
[ 2.  0.  0.]
[-1.66666667 -1.33333333  0.        ]
[-1.33333333 -1.66666667  0.        ]
[ 1.33333333  1.66666667  0.        ]
[ 1.66666667  1.33333333  0.        ]
[-2. -1.  0.]
[-2.  1.  0.]
[-1. -2.  0.]
[-1.  2.  0.]
[ 1. -2.  0.]
[ 1.  2.  0.]
[ 2. -1.  0.]
[ 2.  1.  0.]
[-2.33333333  0.33333333  0.        ]
[-1.66666667  1.66666667  0.        ]
[-0.33333333  2.33333333  0.        ]
[ 0.33333333 -2.33333333  0.        ]
[ 1.66666667 -1.66666667  0.        ]
[ 2.33333333 -0.33333333  0.        ]
[-2.33333333 -0.66666667  0.        ]
[-0.66666667 -2.33333333  0.        ]
[ 0.66666667  2.33333333  0.        ]
[ 2.33333333  0.66666667  0.        ]
[-2.66666667 -0.33333333  0.        ]
[-2.33333333  1.33333333  0.        ]
[-1.33333333  2.33333333  0.        ]
[-0.33333333 -2.66666667  0.        ]
[ 0.33333333  2.66666667  0.        ]
[ 1.33333333 -2.33333333  0.        ]
[ 2.33333333 -1.33333333  0.        ]
[ 2.66666667  0.33333333  0.        ]
[-2.66666667  0.66666667  0.        ]
[-0.66666667  2.66666667  0.        ]
[ 0.66666667 -2.66666667  0.        ]
[ 2.66666667 -0.66666667  0.        ]
[-2. -2.  0.]
[-2.  2.  0.]
[ 2. -2.  0.]
[ 2.  2.  0.]
[-2.33333333 -1.66666667  0.        ]
[-1.66666667 -2.33333333  0.        ]
[ 1.66666667  2.33333333  0.        ]
[ 2.33333333  1.66666667  0.        ]
[-2.66666667 -1.33333333  0.        ]
[-1.33333333 -2.66666667  0.        ]
[ 1.33333333  2.66666667  0.        ]
[ 2.66666667  1.33333333  0.        ]
[-3.  0.  0.]
[ 0. -3.  0.]
[ 0.  3.  0.]
[ 3.  0.  0.]
[-2.66666667  1.66666667  0.        ]
[-1.66666667  2.66666667  0.        ]
[ 1.66666667 -2.66666667  0.        ]
[ 2.66666667 -1.66666667  0.        ]
[-3. -1.  0.]
[-3.  1.  0.]
[-1. -3.  0.]
[-1.  3.  0.]
[ 1. -3.  0.]
[ 1.  3.  0.]
[ 3. -1.  0.]
[ 3.  1.  0.]
[-2.33333333  2.33333333  0.        ]
[ 2.33333333 -2.33333333  0.        ]
[-3.33333333  0.33333333  0.        ]
[-0.33333333  3.33333333  0.        ]
[ 0.33333333 -3.33333333  0.        ]
[ 3.33333333 -0.33333333  0.        ]
[-3.33333333 -0.66666667  0.        ]
[-0.66666667 -3.33333333  0.        ]
[ 0.66666667  3.33333333  0.        ]
[ 3.33333333  0.66666667  0.        ]
[-2.66666667 -2.33333333  0.        ]
[-2.33333333 -2.66666667  0.        ]
[ 2.33333333  2.66666667  0.        ]
[ 2.66666667  2.33333333  0.        ]
[-3.33333333  1.33333333  0.        ]
[-1.33333333  3.33333333  0.        ]
[ 1.33333333 -3.33333333  0.        ]
[ 3.33333333 -1.33333333  0.        ]
[-3. -2.  0.]
[-3.  2.  0.]
[-2. -3.  0.]
[-2.  3.  0.]
[ 2. -3.  0.]
[ 2.  3.  0.]
[ 3. -2.  0.]
[ 3.  2.  0.]
[-3.66666667 -0.33333333  0.        ]
[-0.33333333 -3.66666667  0.        ]
[ 0.33333333  3.66666667  0.        ]
[ 3.66666667  0.33333333  0.        ]
[-3.66666667  0.66666667  0.        ]
[-3.33333333 -1.66666667  0.        ]
[-1.66666667 -3.33333333  0.        ]
[-0.66666667  3.66666667  0.        ]
[ 0.66666667 -3.66666667  0.        ]
[ 1.66666667  3.33333333  0.        ]
[ 3.33333333  1.66666667  0.        ]
[ 3.66666667 -0.66666667  0.        ]
[-2.66666667  2.66666667  0.        ]
[ 2.66666667 -2.66666667  0.        ]
[-3.66666667 -1.33333333  0.        ]
[-1.33333333 -3.66666667  0.        ]
[ 1.33333333  3.66666667  0.        ]
[ 3.66666667  1.33333333  0.        ]
[-4.  0.  0.]
[ 0. -4.  0.]
[ 0.  4.  0.]
[ 4.  0.  0.]
[-3.66666667  1.66666667  0.        ]
[-1.66666667  3.66666667  0.        ]
[ 1.66666667 -3.66666667  0.        ]
[ 3.66666667 -1.66666667  0.        ]
[-3.33333333  2.33333333  0.        ]
[-2.33333333  3.33333333  0.        ]
[ 2.33333333 -3.33333333  0.        ]
[ 3.33333333 -2.33333333  0.        ]
[-4. -1.  0.]
[-4.  1.  0.]
[-1. -4.  0.]
[-1.  4.  0.]
[ 1. -4.  0.]
[ 1.  4.  0.]
[ 4. -1.  0.]
[ 4.  1.  0.]
[-3. -3.  0.]
[-3.  3.  0.]
[ 3. -3.  0.]
[ 3.  3.  0.]
[-3.33333333 -2.66666667  0.        ]
[-2.66666667 -3.33333333  0.        ]
[ 2.66666667  3.33333333  0.        ]
[ 3.33333333  2.66666667  0.        ]
[-4.33333333  0.33333333  0.        ]
[-3.66666667 -2.33333333  0.        ]
[-2.33333333 -3.66666667  0.        ]
[-0.33333333  4.33333333  0.        ]
[ 0.33333333 -4.33333333  0.        ]
[ 2.33333333  3.66666667  0.        ]
[ 3.66666667  2.33333333  0.        ]
[ 4.33333333 -0.33333333  0.        ]
[-4.33333333 -0.66666667  0.        ]
[-0.66666667 -4.33333333  0.        ]
[ 0.66666667  4.33333333  0.        ]
[ 4.33333333  0.66666667  0.        ]
[-4. -2.  0.]
[-4.  2.  0.]
[-2. -4.  0.]
[-2.  4.  0.]
[ 2. -4.  0.]
[ 2.  4.  0.]
[ 4. -2.  0.]
[ 4.  2.  0.]
